STA_LAT=33.72092436999989
STA_LON=-113.7064132600001
LOC_ACCURACY=1
DEVICE_SN=1231
