STA_LAT=39.998344
STA_LON=-82.892819
LOC_ACCURACY=1
DEVICE_SN=1230
